Geology	Vegetation	Mound	Component	HC_mmh	pclay	psilt	psand	AvgDepth1S	std	n	SE_avgds1	AvgMoist	SDMoist	psandMatrix
Basalt	Grassy	M057	Pediment	3.948685355	4	16	80	2.5	0.447213595	5	0.2	12.061	0.26	60
Basalt	Grassy	M060	Matrix	1.703520188	6	28	66	2	1.350925609	5	0.604152299	12.774	2.128	66
Basalt	Grassy	M059	Pediment	4.091079758	6	22	72	1.5	0.821583836	5	0.367423461	11.937	0.968	68
Basalt	Bare	M025	Matrix	0.811896161	6	30	64	1	0.651920241	5	0.291547595	7.559	1.003	64
Basalt	Grassy	M057	Mound	16.31451064	6	14	80	3.5	0.790569415	5	0.353553391	10.242	1.629	60
Basalt	Grassy	M060	Pediment	29.02381755	6	26	68	2	0.273861279	5	0.122474487	15.003	2.713	66
Basalt	Bare	M054	Matrix	3.288836045	8	28	64	3	0.707106781	5	0.316227766	18.306	5.029	64
Basalt	Bare	M054	Pediment	16.30267099	8	20	72	2	0.418330013	5	0.187082869	11.681	1.235	64
Basalt	Grassy	M059	Matrix	6.901638214	8	24	68	2	0.707106781	5	0.316227766	14.164	1.507	68
Basalt	Grassy	M053	Matrix	2.87900069	10	26	64	2	0.547722558	5	0.244948974	10.644	3.223	64
Basalt	Grassy	M059	Mound	2.203180733	10	22	68	4	1.396424004	5	0.6244998	12.454	1.905	68
Basalt	Bare	M025	Mound	2.256508826	10	34	56	1	0.547722558	5	0.244948974	3.296	0.512	64
Basalt	Bare	M025	Pediment	3.979463545	10	30	60	1.5	0.447213595	5	0.2	3.495	0.298	64
Basalt	Bare	M031	Matrix	4.837302924	10	26	64	2	0.547722558	5	0.244948974	14.468	4.633	64
Basalt	Bare	M058	Mound	1.854948199	12	16	72	1	0.273861279	5	0.122474487	3.278	0.73	60
Basalt	Bare	M058	Matrix	7.085120957	12	28	60	2	0.758287544	5	0.339116499	13.621	1.145	60
Basalt	Bare	M031	Pediment	15.4485885	14	18	68	3	1.193733639	5	0.533853913	5.883	0.74	64
Basalt	Bare	M021	Matrix	3.288836045	16	20	64	2	0.741619849	5	0.331662479	5.508	0.822	64
Basalt	Bare	M026	Matrix	5.558570145	16	26	58	1	0.866025404	5	0.387298335	2.937	0.382	58
Basalt	Bare	M031	Mound	2.203180733	16	24	60	1	0.418330013	5	0.187082869	4.354	0.105	64
Basalt	Grassy	M057	Matrix	5.313840718	16	24	60	1.5	0.547722558	5	0.244948974	17.906	0.617	60
Basalt	Grassy	M023	Matrix	25.64334967	16	32	52	2	0.790569415	5	0.353553391	4.75	0.107	52
Basalt	Bare	M024	Matrix	9.281189514	18	32	50	1	0.707106781	5	0.316227766	4.797	1.022	50
Basalt	Bare	M052	Matrix	3.288836045	18	36	46	2	0.223606798	5	0.1	12.415	3.954	46
Basalt	Bare	M054	Mound	0.604461989	18	20	62	1	0.353553391	5	0.158113883	6.295	4.469	64
Basalt	Bare	M027	Matrix	24.11316835	20	28	52	2	0.836660027	5	0.374165739	4.225	0.489	52
Basalt	Bare	M021	Pediment	16.38646445	20	28	52	2.5	1.140175425	5	0.509901951	3.911	0.298	64
Basalt	Grassy	M022	Pediment	12.92057947	20	20	60	1	0.612372436	5	0.273861279	2.668	0.534	52
Basalt	Grassy	M055	Matrix	22.67592387	20	36	44	3	0.758287544	5	0.339116499	14.841	1.208	44
Basalt	Grassy	M022	Matrix	14.28000972	20	28	52	2	0.821583836	5	0.367423461	4.124	0.262	52
Basalt	Grassy	M053	Mound	47.17242173	20	26	54	3	0.223606798	5	0.1	11.715	1.138	64
Basalt	Grassy	M028	Matrix	1.937237102	20	24	56	1.5	0.836660027	5	0.374165739	3.998	0.259	56
Basalt	Grassy	M023	Mound	19.01790913	20	24	56	2	1.204159458	5	0.538516481	5.588	0.533	52
Basalt	Bare	M026	Pediment	13.61551327	20	12	68	0	0.447213595	5	0.2	3.383	0.376	58
Basalt	Grassy	M023	Pediment	35.07077089	20	20	60	1	0.866025404	5	0.387298335	4.942	0.252	52
Basalt	Grassy	M029	Pediment	28.53992725	20	24	56	1.5	2.729468813	5	1.220655562	4.004	0.551	52
Basalt	Bare	M056	Matrix	9.281189514	20	24	56	2	0.547722558	5	0.244948974	13.263	0.718	56
Basalt	Grassy	M055	Mound	4.142722113	20	30	50	3.5	0.741619849	5	0.331662479	15.554	1.799	44
Basalt	Bare	M058	Pediment	10.77708824	20	20	60	2.5	1	5	0.447213595	8.663	0.595	60
Basalt	Bare	M026	Mound	6.041134878	22	18	60	0	0.894427191	5	0.4	2.191	0.256	58
Basalt	Bare	M052	Pediment	2.273979169	22	30	48	2	1.635542723	5	0.731436942	4.968	1.043	46
Basalt	Grassy	M029	Mound	29.11729847	24	24	52	1	0.273861279	5	0.122474487	4.366	0.385	52
Basalt	Bare	M024	Pediment	14.55736945	24	28	48	1	0.547722558	5	0.244948974	3.856	0.23	50
Basalt	Grassy	M028	Pediment	30.96156234	24	32	44	2	0.418330013	5	0.187082869	5.278	0.77	56
Basalt	Grassy	M030	Pediment	13.9020635	24	22	54	2	2.38222585	5	1.065363788	3.892	0.673	48
Basalt	Grassy	M053	Pediment	60.6630191	24	30	46	2	0.908295106	5	0.40620192	10.401	0.615	64
Basalt	Grassy	M022	Mound	4.529134137	24	20	56	2	3.615936946	5	1.617096163	4.157	0.304	52
Basalt	Grassy	M030	Mound	9.183907121	24	28	48	5	2.966479395	5	1.326649916	5.155	0.734	48
Basalt	Bare	M052	Mound	9.3122076	24	28	48	3	0.836660027	5	0.374165739	6.792	2.881	46
Basalt	Bare	M056	Pediment	14.55736945	24	20	56	1.5	0.447213595	5	0.2	6.002	0.873	56
Basalt	Grassy	M060	Mound	23.87678127	26	26	48	4	1.457737974	5	0.651920241	12.557	3.952	66
Basalt	Bare	M056	Mound	8.006948039	28	24	48	1	0.273861279	5	0.122474487	3.122	0.564	56
Basalt	Grassy	M055	Pediment	1.132665369	28	24	48	3	1.024695077	5	0.458257569	20.957	2.696	44
Basalt	Grassy	M029	Matrix	18.95485847	28	20	52	2	0.741619849	5	0.331662479	5.118	0.405	52
Basalt	Bare	M027	Pediment	14.55736945	28	28	44	1.5	0.651920241	5	0.291547595	3.146	0.466	52
Basalt	Grassy	M028	Mound	31.60123312	32	20	48	1	0.961769203	5	0.430116263	5.172	0.442	56
Basalt	Bare	M024	Mound	8.006948039	32	24	44	0	1	5	0.447213595	4.921	0.37	50
Basalt	Grassy	M030	Matrix	37.01975091	32	20	48	2	0.758287544	5	0.339116499	6.143	1.116	48
Basalt	Bare	M027	Mound	16.2162402	32	28	40	2	0.547722558	5	0.244948974	4.015	0.698	52
Basalt	Bare	M021	Mound	0.604461989	40	12	48	2	0.741619849	5	0.331662479	5.024	0.241	64
Granite	Bare	M015	Matrix	47.56418296	0	4	96	3	0.821583836	5	0.367423461	0.411	0.109	96
Granite	Bare	M009	Mound	3.236373164	0	16	84	3	1.850675552	5	0.827647268	1.46	0.096	87
Granite	Grassy	M010	Pediment	14.33326053	0	16	84	1.5	1.095445115	5	0.489897949	1.715	0.565	84
Granite	Grassy	M017	Pediment	20.41840408	0	8	92	1.5	0.353553391	5	0.158113883	1.273	0.511	85
Granite	Grassy	M008	Pediment	40.19657744	1	14	85	2.5	0.547722558	5	0.244948974	1.847	0.293	85
Granite	Bare	M016	Matrix	24.38140399	1	15	84	2	0.790569415	5	0.353553391	0.533	0.203	84
Granite	Grassy	M008	Mound	23.69910492	2	18	80	3.5	0.961769203	5	0.430116263	3.222	0.596	85
Granite	Grassy	M003	Matrix	15.04589497	2	10	88	3	1.25499004	5	0.561248608	2.786	0.306	88
Granite	Bare	M007	Matrix	166.8236633	2	14	84	2.5	0.570087713	5	0.254950976	1.35	0.083	84
Granite	Grassy	M010	Matrix	11.24741771	2	14	84	3.5	1.193733639	5	0.533853913	0.953	0.281	84
Granite	Bare	M007	Pediment	8.292296333	2	14	84	1.5	1.457737974	5	0.651920241	1.656	0.528	84
Granite	Grassy	M014	Pediment	34.1560398	2	10	88	1.5	0.353553391	5	0.158113883	1.154	0.235	80
Granite	Grassy	M006	Matrix	45.39952305	2	10	88	1.5	1.083974169	5	0.484767986	1.6	0.237	88
Granite	Grassy	M020	Matrix	86.74619847	4	4	92	2	0.894427191	5	0.4	0.632	0.218	92
Granite	Grassy	M008	Matrix	67.11868134	4	11	85	3.2	1.294217911	5	0.578791845	1.12	0.164	85
Granite	Bare	M015	Mound	5.681332952	4	8	88	1	0.273861279	5	0.122474487	0.854	0.076	96
Granite	Bare	M009	Pediment	12.04934598	4	11	85	2	0.790569415	5	0.353553391	1.205	0.162	87
Granite	Grassy	M017	Matrix	92.1452857	5	10	85	3	0.707106781	5	0.316227766	0.444	0.114	85
Granite	Grassy	M018	Mound	94.31580021	6	15	80	2	0.758287544	5	0.339116499	1.145	0.034	85
Granite	Bare	M007	Mound	0.914804708	6	18	76	1	1.850675552	5	0.827647268	1.323	0.325	84
Granite	Grassy	M003	Pediment	14.8510468	6	14	80	2	1.695582496	5	0.758287544	3.46	0.638	88
Granite	Bare	M005	Matrix	8.053119167	6	10	84	2.5	1.140175425	5	0.509901951	1.175	0.252	84
Granite	Bare	M012	Mound	0.988689563	6	22	72	1	0.836660027	5	0.374165739	2.068	0.61	84
Granite	Grassy	M003	Mound	9.721597901	6	18	76	1.5	1.753567792	5	0.784219357	4.759	0.38	88
Granite	Bare	M004	Pediment	29.18435598	6	12	82	2.5	1.850675552	5	0.827647268	1.638	0.278	84
Granite	Bare	M009	Matrix	58.98809865	6	7	87	3	2.018662924	5	0.902773504	6.817	6.155	87
Granite	Bare	M015	Pediment	10.46568576	6	6	88	2	0.447213595	5	0.2	0.725	0.185	96
Granite	Bare	M004	Matrix	30.81948392	6	10	84	4	1.673320053	5	0.748331477	3.177	1.091	84
Granite	Bare	M012	Matrix	61.70236122	6	10	84	2	0.670820393	5	0.3	1.296	0.2	84
Granite	Grassy	M011	Matrix	15.71075083	6	14	80	2	1.17260394	5	0.524404424	1.017	0.27	80
Granite	Grassy	M014	Matrix	36.8398207	6	14	80	2	0.273861279	5	0.122474487	0.566	0.256	80
Granite	Bare	M004	Mound	4.331058523	6	10	84	2.5	1.850675552	5	0.827647268	2.568	0.225	84
Granite	Bare	M005	Mound	3.355406772	6	24	70	1	0.758287544	5	0.339116499	3.684	0.768	84
Granite	Bare	M005	Pediment	12.67952822	6	14	80	1	0.821583836	5	0.367423461	2.006	0.809	84
Granite	Grassy	M017	Mound	19.47370024	6	25	69	2	0.974679434	5	0.435889894	1.922	0.573	85
Granite	Grassy	M018	Matrix	91.94915922	7	7	85	2	0.418330013	5	0.187082869	0.347	0.029	85
Granite	Grassy	M018	Pediment	17.62544586	8	12	80	1.5	0.223606798	5	0.1	0.75	0.132	85
Granite	Grassy	M011	Pediment	14.90123772	8	20	72	1	0.418330013	5	0.187082869	1.964	0.346	80
Granite	Bare	M019	Matrix	35.45872268	8	0	92	3	2.043281674	5	0.913783344	0.35	0.056	92
Granite	Bare	M016	Pediment	4.47052215	8	15	77	1.5	0.447213595	5	0.2	1.117	0.092	84
Granite	Grassy	M010	Mound	6.083727942	8	18	73	2.5	1.884144368	5	0.842614977	3.825	0.848	84
Granite	Bare	M016	Mound	8.730463245	10	18	72	1.5	0.223606798	5	0.1	1.647	0.117	84
Granite	Grassy	M006	Pediment	39.42728378	10	22	68	1.5	0.758287544	5	0.339116499	2.075	0.519	88
Granite	Grassy	M006	Mound	8.409234072	10	26	64	1.5	1.095445115	5	0.489897949	2.539	0.873	88
Granite	Grassy	M011	Mound	2.71072777	10	22	68	1.5	1.457737974	5	0.651920241	1.338	0.641	80
Granite	Bare	M012	Pediment	35.53334502	10	42	48	1.5	0.836660027	5	0.374165739	1.667	0.573	84
Granite	Grassy	M014	Mound	26.65494082	10	2	88	1.5	0.547722558	5	0.244948974	1.138	0.06	80
Granite	Bare	M013	Pediment	10.46568576	10	6	84	1	0.223606798	5	0.1	1.592	0.52	68
Granite	Grassy	M001	Mound	11.59620799	12	20	68	3	0.741619849	5	0.331662479	7.654	0.355	76
Granite	Grassy	M020	Mound	4.820016194	12	14	74	1.5	0.418330013	5	0.187082869	1.692	0.325	92
Granite	Bare	M019	Pediment	3.750084113	12	12	76	1.5	0.418330013	5	0.187082869	1.117	0.232	92
Granite	Grassy	M020	Pediment	133.5092417	12	8	80	1.5	1.17260394	5	0.524404424	0.884	0.125	92
Granite	Bare	M013	Matrix	156.8177941	14	18	68	2	0.836660027	5	0.374165739	1.112	0.651	68
Granite	Bare	M002	Pediment	13.53726048	16	12	72	1.5	0.447213595	5	0.2	3.447	0.831	76
Granite	Bare	M002	Matrix	45.39952305	16	8	76	1.5	1.695582496	5	0.758287544	2.978	0.223	76
Granite	Grassy	M001	Matrix	137.5604441	16	8	76	3	1.483239697	5	0.663324958	3.569	1.078	76
Granite	Grassy	M001	Pediment	13.53726048	16	20	64	1.5	1	5	0.447213595	4.812	0.325	76
Granite	Bare	M013	Mound	0.612965782	18	18	64	1.5	0.758287544	5	0.339116499	3.505	0.455	68
Granite	Bare	M002	Mound	11.59620799	20	44	36	1.5	1.47478812	5	0.659545298	4.506	0.374	76
Granite	Bare	M019	Mound	1.896180293	22	0	78	1.5	0.418330013	5	0.187082869	1.401	0.21	92
Shale	Bare	M041	Matrix	18.54948199	0	20	80	1.5	0.447213595	5	0.2	1.975	0.492	80
Shale	Bare	M032	Mound	1.591785418	0	20	80	0	0.273861279	5	0.122474487	4.471	0.881	80
Shale	Bare	M045	Pediment	2.007029244	0	8	92	1	0.894427191	5	0.4	1.478	0.168	88
Shale	Grassy	M046	Matrix	92.7154666	2	8	90	2	0.273861279	5	0.122474487	2.057	0.291	90
Shale	Bare	M044	Matrix	125.0831889	2	8	90	2.5	0.758287544	5	0.339116499	1.851	0.407	90
Shale	Bare	M045	Matrix	13.04750638	2	10	88	3	0.821583836	5	0.367423461	1.657	0.267	88
Shale	Grassy	M035	Pediment	35.25089173	4	4	92	3	0.447213595	5	0.2	5.905	0.72	96
Shale	Grassy	M035	Matrix	66.25013616	4	0	96	3.5	0.418330013	5	0.187082869	6.54	1.4	96
Shale	Bare	M032	Pediment	5.563509977	4	16	80	2	1.095445115	5	0.489897949	3.241	0.707	80
Shale	Grassy	M039	Pediment	15.4485885	4	18	78	2.5	0.935414347	5	0.418330013	4.44	1.221	76
Shale	Bare	M036	Matrix	17.62921218	6	14	80	2	0.961769203	5	0.430116263	3.715	0.491	80
Shale	Grassy	M037	Matrix	37.09896398	6	18	76	2	1	5	0.447213595	4.449	0.671	76
Shale	Grassy	M039	Matrix	19.3492117	6	18	76	3	0.707106781	5	0.316227766	8.36	1.478	76
Shale	Grassy	M046	Mound	58.04763509	6	8	86	5	1.516575089	5	0.678232998	2.722	0.636	90
Shale	Bare	M044	Pediment	3.856012955	6	8	86	1	0.223606798	5	0.1	1.897	0.36	90
Shale	Grassy	M046	Pediment	69.74053568	6	8	86	3	1.884144368	5	0.842614977	2.369	0.174	90
Shale	Grassy	M047	Matrix	6.410553031	7	17	76	2	0.547722558	5	0.244948974	2.917	0.12	76
Shale	Bare	M032	Matrix	8.797787014	8	12	80	1.5	1.25499004	5	0.561248608	7.089	0.641	80
Shale	Grassy	M033	Pediment	7.042635085	8	16	76	2	0.894427191	5	0.4	6.118	0.438	68
Shale	Grassy	M050	Matrix	8.772832624	8	4	88	3	0.866025404	5	0.387298335	6.326	2.182	88
Shale	Bare	M048	Mound	1.234271199	8	24	68	1.5	0.223606798	5	0.1	6.915	0.868	84
Shale	Grassy	M042	Matrix	14.07836241	8	20	72	1.5	0.418330013	5	0.187082869	3.302	0.527	72
Shale	Grassy	M051	Matrix	4.133193397	10	8	82	2	1.151086443	5	0.514781507	7.121	0.926	82
Shale	Bare	M036	Mound	2.840666476	10	26	64	1	0.935414347	5	0.418330013	4.234	0.187	80
Shale	Bare	M044	Mound	4.283300978	10	20	70	1	0.447213595	5	0.2	2.446	0.713	90
Shale	Grassy	M047	Pediment	133.3416763	10	18	72	2	0.353553391	5	0.158113883	3.994	1.071	76
Shale	Grassy	M033	Mound	26.76767199	10	14	76	5	2.049390153	5	0.916515139	7.538	0.728	68
Shale	Bare	M038	Matrix	2.869753403	10	5	84	3.5	0.447213595	5	0.2	5.254	0.786	84
Shale	Bare	M041	Pediment	1.2610265	12	18	70	1	0.223606798	5	0.1	1.609	0.739	80
Shale	Bare	M049	Matrix	3.622406613	12	12	76	2.5	0.651920241	5	0.291547595	5.677	0.822	76
Shale	Bare	M049	Mound	1.061699953	12	14	74	1	0	5	0	5.107	0.027	76
Shale	Grassy	M037	Pediment	33.80050861	12	16	72	1	0.418330013	5	0.187082869	4.548	0.74	76
Shale	Bare	M048	Matrix	4.506734481	12	4	84	3	0.758287544	5	0.339116499	5.106	1.27	84
Shale	Bare	M040	Pediment	13.8868841	12	30	58	1.5	0.273861279	5	0.122474487	2.022	0.222	66
Shale	Grassy	M042	Pediment	54.15621182	12	16	72	1.5	1.036822068	5	0.463680925	3.241	1.184	72
Shale	Grassy	M043	Pediment	48.92422032	12	16	72	2	0.741619849	5	0.331662479	2.026	0.85	70
Shale	Grassy	M039	Mound	62.54159447	13	7	80	5	2.761340254	5	1.234908904	4.676	0.312	76
Shale	Grassy	M043	Matrix	10.62768144	14	16	70	2	0.418330013	5	0.187082869	1.361	0.424	70
Shale	Grassy	M047	Mound	54.15621182	14	10	76	3	1.274754878	5	0.570087713	4.201	0.125	76
Shale	Bare	M036	Pediment	31.54246322	14	24	62	1	0.223606798	5	0.1	3.495	0.377	80
Shale	Bare	M045	Mound	4.837302924	14	12	74	1	0.418330013	5	0.187082869	3.511	0.222	88
Shale	Grassy	M037	Mound	70.07005435	14	16	70	2.5	5.481788029	5	2.451530134	4.122	1.91	76
Shale	Grassy	M033	Matrix	3.006511047	14	18	68	2	0.894427191	5	0.4	8.254	3.025	68
Shale	Bare	M041	Mound	1.991450686	14	30	56	10	5.227332015	5	2.337733946	4.812	2.657	80
Shale	Bare	M038	Pediment	20.84645974	14	6	80	2.5	0.894427191	5	0.4	2.517	0.374	84
Shale	Bare	M049	Pediment	4.242727088	16	4	80	1	0.447213595	5	0.2	5.065	0.455	76
Shale	Grassy	M050	Pediment	67.69526478	16	12	72	2	0.651920241	5	0.291547595	8.114	3.378	88
Shale	Bare	M040	Mound	0.314823461	16	28	56	1	0.353553391	5	0.158113883	3.154	0.137	66
Shale	Grassy	M051	Pediment	17.62544586	16	8	76	2	0.547722558	5	0.244948974	8.265	1.768	82
Shale	Bare	M040	Matrix	95.99460046	16	18	66	2	0.758287544	5	0.339116499	1.452	0.347	66
Shale	Bare	M048	Pediment	5.067677627	16	4	80	1	0.447213595	5	0.2	6.43	0.864	84
Shale	Grassy	M042	Mound	66.67083815	16	14	70	4	0.894427191	5	0.4	3.421	0.882	72
Shale	Grassy	M043	Mound	87.24027698	16	18	66	4	2.334523506	5	1.044030651	2.588	0.831	70
Shale	Bare	M038	Mound	1.538856602	20	8	73	11	6.308724118	5	2.821347196	3.223	2.002	84
Shale	Grassy	M050	Mound	15.91785418	20	12	68	3	2.413503677	5	1.079351657	5.446	0.876	88
Shale	Grassy	M051	Mound	27.07810591	22	4	74	4	0.741619849	5	0.331662479	5.754	1.19	82
Shale	Grassy	M035	Mound	19.74342677	22	6	72	6.5	6.208864631	5	2.776688675	3.288	1.496	96
Shale	Bare	M034	Pediment	29.02381755	32	8	60	1	1.036822068	5	0.463680925	3.16	0.174	56
Shale	Bare	M034	Mound	3.854389442	32	8	60	0	1.118033989	5	0.5	2.586	0.506	56
Shale	Bare	M034	Matrix	9.079546656	34	10	56	2	0.223606798	5	0.1	6.249	1.31	56
